{
 "cells": [
  {
   "cell_type": "markdown",
   "metadata": {},
   "source": [
    "### Obtaining stock data"
   ]
  },
  {
   "cell_type": "code",
   "execution_count": 31,
   "metadata": {},
   "outputs": [
    {
     "name": "stderr",
     "output_type": "stream",
     "text": [
      "[*********************100%%**********************]  19 of 19 completed\n"
     ]
    },
    {
     "data": {
      "text/html": [
       "<div>\n",
       "<style scoped>\n",
       "    .dataframe tbody tr th:only-of-type {\n",
       "        vertical-align: middle;\n",
       "    }\n",
       "\n",
       "    .dataframe tbody tr th {\n",
       "        vertical-align: top;\n",
       "    }\n",
       "\n",
       "    .dataframe thead th {\n",
       "        text-align: right;\n",
       "    }\n",
       "</style>\n",
       "<table border=\"1\" class=\"dataframe\">\n",
       "  <thead>\n",
       "    <tr style=\"text-align: right;\">\n",
       "      <th>Ticker</th>\n",
       "      <th>AAPL</th>\n",
       "      <th>AMZN</th>\n",
       "      <th>BAC</th>\n",
       "      <th>DIS</th>\n",
       "      <th>GOOGL</th>\n",
       "      <th>HD</th>\n",
       "      <th>JNJ</th>\n",
       "      <th>JPM</th>\n",
       "      <th>MA</th>\n",
       "      <th>META</th>\n",
       "      <th>MSFT</th>\n",
       "      <th>NFLX</th>\n",
       "      <th>NVDA</th>\n",
       "      <th>PG</th>\n",
       "      <th>TSLA</th>\n",
       "      <th>UNH</th>\n",
       "      <th>V</th>\n",
       "      <th>WMT</th>\n",
       "      <th>XOM</th>\n",
       "    </tr>\n",
       "    <tr>\n",
       "      <th>Date</th>\n",
       "      <th></th>\n",
       "      <th></th>\n",
       "      <th></th>\n",
       "      <th></th>\n",
       "      <th></th>\n",
       "      <th></th>\n",
       "      <th></th>\n",
       "      <th></th>\n",
       "      <th></th>\n",
       "      <th></th>\n",
       "      <th></th>\n",
       "      <th></th>\n",
       "      <th></th>\n",
       "      <th></th>\n",
       "      <th></th>\n",
       "      <th></th>\n",
       "      <th></th>\n",
       "      <th></th>\n",
       "      <th></th>\n",
       "    </tr>\n",
       "  </thead>\n",
       "  <tbody>\n",
       "    <tr>\n",
       "      <th>2014-08-19</th>\n",
       "      <td>22.315331</td>\n",
       "      <td>16.756500</td>\n",
       "      <td>12.619606</td>\n",
       "      <td>82.262421</td>\n",
       "      <td>29.821274</td>\n",
       "      <td>69.964005</td>\n",
       "      <td>78.308975</td>\n",
       "      <td>43.638683</td>\n",
       "      <td>71.829147</td>\n",
       "      <td>75.135605</td>\n",
       "      <td>38.758007</td>\n",
       "      <td>66.878571</td>\n",
       "      <td>0.463015</td>\n",
       "      <td>62.314159</td>\n",
       "      <td>17.117332</td>\n",
       "      <td>71.647408</td>\n",
       "      <td>50.115662</td>\n",
       "      <td>20.365711</td>\n",
       "      <td>64.413948</td>\n",
       "    </tr>\n",
       "    <tr>\n",
       "      <th>2014-08-20</th>\n",
       "      <td>22.324211</td>\n",
       "      <td>16.789000</td>\n",
       "      <td>12.676781</td>\n",
       "      <td>82.034149</td>\n",
       "      <td>29.736372</td>\n",
       "      <td>71.962280</td>\n",
       "      <td>78.499100</td>\n",
       "      <td>43.699310</td>\n",
       "      <td>71.819725</td>\n",
       "      <td>74.656586</td>\n",
       "      <td>38.433109</td>\n",
       "      <td>67.455711</td>\n",
       "      <td>0.460146</td>\n",
       "      <td>62.404591</td>\n",
       "      <td>17.047333</td>\n",
       "      <td>71.613075</td>\n",
       "      <td>50.395386</td>\n",
       "      <td>20.387470</td>\n",
       "      <td>64.549904</td>\n",
       "    </tr>\n",
       "    <tr>\n",
       "      <th>2014-08-21</th>\n",
       "      <td>22.326429</td>\n",
       "      <td>16.645500</td>\n",
       "      <td>13.199536</td>\n",
       "      <td>82.527237</td>\n",
       "      <td>29.587044</td>\n",
       "      <td>72.279472</td>\n",
       "      <td>79.244484</td>\n",
       "      <td>44.351326</td>\n",
       "      <td>72.383858</td>\n",
       "      <td>74.417076</td>\n",
       "      <td>38.663952</td>\n",
       "      <td>67.435715</td>\n",
       "      <td>0.455844</td>\n",
       "      <td>62.758751</td>\n",
       "      <td>16.955999</td>\n",
       "      <td>71.904930</td>\n",
       "      <td>50.290501</td>\n",
       "      <td>20.547937</td>\n",
       "      <td>64.277977</td>\n",
       "    </tr>\n",
       "    <tr>\n",
       "      <th>2014-08-22</th>\n",
       "      <td>22.490688</td>\n",
       "      <td>16.579500</td>\n",
       "      <td>13.175031</td>\n",
       "      <td>82.627678</td>\n",
       "      <td>29.593037</td>\n",
       "      <td>72.184303</td>\n",
       "      <td>78.945862</td>\n",
       "      <td>44.343742</td>\n",
       "      <td>71.904381</td>\n",
       "      <td>74.417076</td>\n",
       "      <td>38.604111</td>\n",
       "      <td>68.455711</td>\n",
       "      <td>0.456083</td>\n",
       "      <td>62.841656</td>\n",
       "      <td>17.118668</td>\n",
       "      <td>71.913513</td>\n",
       "      <td>50.369740</td>\n",
       "      <td>20.596893</td>\n",
       "      <td>63.772980</td>\n",
       "    </tr>\n",
       "    <tr>\n",
       "      <th>2014-08-25</th>\n",
       "      <td>22.539526</td>\n",
       "      <td>16.701000</td>\n",
       "      <td>13.305723</td>\n",
       "      <td>82.527237</td>\n",
       "      <td>29.494648</td>\n",
       "      <td>72.319130</td>\n",
       "      <td>79.045387</td>\n",
       "      <td>44.988167</td>\n",
       "      <td>71.857353</td>\n",
       "      <td>74.866150</td>\n",
       "      <td>38.621204</td>\n",
       "      <td>68.704285</td>\n",
       "      <td>0.456800</td>\n",
       "      <td>62.954731</td>\n",
       "      <td>17.503332</td>\n",
       "      <td>72.308365</td>\n",
       "      <td>50.353428</td>\n",
       "      <td>20.586012</td>\n",
       "      <td>63.934845</td>\n",
       "    </tr>\n",
       "    <tr>\n",
       "      <th>...</th>\n",
       "      <td>...</td>\n",
       "      <td>...</td>\n",
       "      <td>...</td>\n",
       "      <td>...</td>\n",
       "      <td>...</td>\n",
       "      <td>...</td>\n",
       "      <td>...</td>\n",
       "      <td>...</td>\n",
       "      <td>...</td>\n",
       "      <td>...</td>\n",
       "      <td>...</td>\n",
       "      <td>...</td>\n",
       "      <td>...</td>\n",
       "      <td>...</td>\n",
       "      <td>...</td>\n",
       "      <td>...</td>\n",
       "      <td>...</td>\n",
       "      <td>...</td>\n",
       "      <td>...</td>\n",
       "    </tr>\n",
       "    <tr>\n",
       "      <th>2024-08-12</th>\n",
       "      <td>217.529999</td>\n",
       "      <td>166.800003</td>\n",
       "      <td>38.169998</td>\n",
       "      <td>85.949997</td>\n",
       "      <td>162.289993</td>\n",
       "      <td>345.809998</td>\n",
       "      <td>159.880005</td>\n",
       "      <td>206.190002</td>\n",
       "      <td>455.690002</td>\n",
       "      <td>515.950012</td>\n",
       "      <td>406.078064</td>\n",
       "      <td>633.140015</td>\n",
       "      <td>109.019997</td>\n",
       "      <td>166.809998</td>\n",
       "      <td>197.490005</td>\n",
       "      <td>565.289978</td>\n",
       "      <td>259.890015</td>\n",
       "      <td>68.504730</td>\n",
       "      <td>118.049599</td>\n",
       "    </tr>\n",
       "    <tr>\n",
       "      <th>2024-08-13</th>\n",
       "      <td>221.270004</td>\n",
       "      <td>170.229996</td>\n",
       "      <td>38.459999</td>\n",
       "      <td>85.599998</td>\n",
       "      <td>164.160004</td>\n",
       "      <td>350.070007</td>\n",
       "      <td>158.389999</td>\n",
       "      <td>207.940002</td>\n",
       "      <td>459.359985</td>\n",
       "      <td>528.539978</td>\n",
       "      <td>413.265137</td>\n",
       "      <td>648.020020</td>\n",
       "      <td>116.139999</td>\n",
       "      <td>167.289993</td>\n",
       "      <td>207.830002</td>\n",
       "      <td>574.239990</td>\n",
       "      <td>260.130005</td>\n",
       "      <td>67.936348</td>\n",
       "      <td>116.918709</td>\n",
       "    </tr>\n",
       "    <tr>\n",
       "      <th>2024-08-14</th>\n",
       "      <td>221.720001</td>\n",
       "      <td>170.100006</td>\n",
       "      <td>38.810001</td>\n",
       "      <td>86.300003</td>\n",
       "      <td>160.369995</td>\n",
       "      <td>355.660004</td>\n",
       "      <td>158.479996</td>\n",
       "      <td>210.240005</td>\n",
       "      <td>460.160004</td>\n",
       "      <td>526.760010</td>\n",
       "      <td>416.109985</td>\n",
       "      <td>661.679993</td>\n",
       "      <td>118.080002</td>\n",
       "      <td>168.800003</td>\n",
       "      <td>201.380005</td>\n",
       "      <td>579.669983</td>\n",
       "      <td>261.140015</td>\n",
       "      <td>68.464851</td>\n",
       "      <td>118.000000</td>\n",
       "    </tr>\n",
       "    <tr>\n",
       "      <th>2024-08-15</th>\n",
       "      <td>224.720001</td>\n",
       "      <td>177.589996</td>\n",
       "      <td>39.029999</td>\n",
       "      <td>88.790001</td>\n",
       "      <td>161.300003</td>\n",
       "      <td>360.070007</td>\n",
       "      <td>159.089996</td>\n",
       "      <td>211.550003</td>\n",
       "      <td>468.709991</td>\n",
       "      <td>537.330017</td>\n",
       "      <td>421.029999</td>\n",
       "      <td>663.219971</td>\n",
       "      <td>122.860001</td>\n",
       "      <td>167.919998</td>\n",
       "      <td>214.139999</td>\n",
       "      <td>579.609985</td>\n",
       "      <td>266.799988</td>\n",
       "      <td>72.972000</td>\n",
       "      <td>118.730003</td>\n",
       "    </tr>\n",
       "    <tr>\n",
       "      <th>2024-08-16</th>\n",
       "      <td>226.050003</td>\n",
       "      <td>177.059998</td>\n",
       "      <td>39.340000</td>\n",
       "      <td>89.300003</td>\n",
       "      <td>162.960007</td>\n",
       "      <td>362.059998</td>\n",
       "      <td>159.389999</td>\n",
       "      <td>213.970001</td>\n",
       "      <td>468.880005</td>\n",
       "      <td>527.419983</td>\n",
       "      <td>418.470001</td>\n",
       "      <td>674.070007</td>\n",
       "      <td>124.580002</td>\n",
       "      <td>167.889999</td>\n",
       "      <td>216.119995</td>\n",
       "      <td>577.679993</td>\n",
       "      <td>267.380005</td>\n",
       "      <td>73.449997</td>\n",
       "      <td>118.169998</td>\n",
       "    </tr>\n",
       "  </tbody>\n",
       "</table>\n",
       "<p>2516 rows × 19 columns</p>\n",
       "</div>"
      ],
      "text/plain": [
       "Ticker            AAPL        AMZN        BAC        DIS       GOOGL  \\\n",
       "Date                                                                   \n",
       "2014-08-19   22.315331   16.756500  12.619606  82.262421   29.821274   \n",
       "2014-08-20   22.324211   16.789000  12.676781  82.034149   29.736372   \n",
       "2014-08-21   22.326429   16.645500  13.199536  82.527237   29.587044   \n",
       "2014-08-22   22.490688   16.579500  13.175031  82.627678   29.593037   \n",
       "2014-08-25   22.539526   16.701000  13.305723  82.527237   29.494648   \n",
       "...                ...         ...        ...        ...         ...   \n",
       "2024-08-12  217.529999  166.800003  38.169998  85.949997  162.289993   \n",
       "2024-08-13  221.270004  170.229996  38.459999  85.599998  164.160004   \n",
       "2024-08-14  221.720001  170.100006  38.810001  86.300003  160.369995   \n",
       "2024-08-15  224.720001  177.589996  39.029999  88.790001  161.300003   \n",
       "2024-08-16  226.050003  177.059998  39.340000  89.300003  162.960007   \n",
       "\n",
       "Ticker              HD         JNJ         JPM          MA        META  \\\n",
       "Date                                                                     \n",
       "2014-08-19   69.964005   78.308975   43.638683   71.829147   75.135605   \n",
       "2014-08-20   71.962280   78.499100   43.699310   71.819725   74.656586   \n",
       "2014-08-21   72.279472   79.244484   44.351326   72.383858   74.417076   \n",
       "2014-08-22   72.184303   78.945862   44.343742   71.904381   74.417076   \n",
       "2014-08-25   72.319130   79.045387   44.988167   71.857353   74.866150   \n",
       "...                ...         ...         ...         ...         ...   \n",
       "2024-08-12  345.809998  159.880005  206.190002  455.690002  515.950012   \n",
       "2024-08-13  350.070007  158.389999  207.940002  459.359985  528.539978   \n",
       "2024-08-14  355.660004  158.479996  210.240005  460.160004  526.760010   \n",
       "2024-08-15  360.070007  159.089996  211.550003  468.709991  537.330017   \n",
       "2024-08-16  362.059998  159.389999  213.970001  468.880005  527.419983   \n",
       "\n",
       "Ticker            MSFT        NFLX        NVDA          PG        TSLA  \\\n",
       "Date                                                                     \n",
       "2014-08-19   38.758007   66.878571    0.463015   62.314159   17.117332   \n",
       "2014-08-20   38.433109   67.455711    0.460146   62.404591   17.047333   \n",
       "2014-08-21   38.663952   67.435715    0.455844   62.758751   16.955999   \n",
       "2014-08-22   38.604111   68.455711    0.456083   62.841656   17.118668   \n",
       "2014-08-25   38.621204   68.704285    0.456800   62.954731   17.503332   \n",
       "...                ...         ...         ...         ...         ...   \n",
       "2024-08-12  406.078064  633.140015  109.019997  166.809998  197.490005   \n",
       "2024-08-13  413.265137  648.020020  116.139999  167.289993  207.830002   \n",
       "2024-08-14  416.109985  661.679993  118.080002  168.800003  201.380005   \n",
       "2024-08-15  421.029999  663.219971  122.860001  167.919998  214.139999   \n",
       "2024-08-16  418.470001  674.070007  124.580002  167.889999  216.119995   \n",
       "\n",
       "Ticker             UNH           V        WMT         XOM  \n",
       "Date                                                       \n",
       "2014-08-19   71.647408   50.115662  20.365711   64.413948  \n",
       "2014-08-20   71.613075   50.395386  20.387470   64.549904  \n",
       "2014-08-21   71.904930   50.290501  20.547937   64.277977  \n",
       "2014-08-22   71.913513   50.369740  20.596893   63.772980  \n",
       "2014-08-25   72.308365   50.353428  20.586012   63.934845  \n",
       "...                ...         ...        ...         ...  \n",
       "2024-08-12  565.289978  259.890015  68.504730  118.049599  \n",
       "2024-08-13  574.239990  260.130005  67.936348  116.918709  \n",
       "2024-08-14  579.669983  261.140015  68.464851  118.000000  \n",
       "2024-08-15  579.609985  266.799988  72.972000  118.730003  \n",
       "2024-08-16  577.679993  267.380005  73.449997  118.169998  \n",
       "\n",
       "[2516 rows x 19 columns]"
      ]
     },
     "execution_count": 31,
     "metadata": {},
     "output_type": "execute_result"
    }
   ],
   "source": [
    "import numpy as np\n",
    "import pandas as pd\n",
    "import yfinance as yf\n",
    "import matplotlib.pyplot as plt\n",
    "\n",
    "\n",
    "stock_list = [\n",
    "    \"AAPL\",  # Apple Inc.\n",
    "    \"MSFT\",  # Microsoft Corporation\n",
    "    \"GOOGL\", # Alphabet Inc. (Google)\n",
    "    \"AMZN\",  # Amazon.com Inc.\n",
    "    \"TSLA\",  # Tesla Inc.\n",
    "    \"NVDA\",  # NVIDIA Corporation\n",
    "    \"META\",  # Meta Platforms, Inc. (Facebook)\n",
    "    \"JPM\",   # JPMorgan Chase & Co.\n",
    "    \"V\",     # Visa Inc.\n",
    "    \"JNJ\",   # Johnson & Johnson\n",
    "    \"WMT\",   # Walmart Inc.\n",
    "    \"PG\",    # Procter & Gamble Co.\n",
    "    \"UNH\",   # UnitedHealth Group Incorporated\n",
    "    \"HD\",    # The Home Depot, Inc.\n",
    "    \"XOM\",   # Exxon Mobil Corporation\n",
    "    \"BAC\",   # Bank of America Corporation\n",
    "    \"MA\",    # Mastercard Incorporated\n",
    "    \"DIS\",   # The Walt Disney Company\n",
    "    \"NFLX\"   # Netflix, Inc.\n",
    "]\n",
    "\n",
    "data = yf.download(stock_list, start=\"2014-08-19\", end=\"2024-08-18\")['Adj Close']\n",
    "data\n"
   ]
  },
  {
   "cell_type": "markdown",
   "metadata": {},
   "source": [
    "### Computing annual return and covariance matrix"
   ]
  },
  {
   "cell_type": "code",
   "execution_count": 32,
   "metadata": {},
   "outputs": [
    {
     "data": {
      "text/plain": [
       "Ticker\n",
       "AAPL     0.272839\n",
       "AMZN     0.289666\n",
       "BAC      0.161976\n",
       "DIS      0.046574\n",
       "GOOGL    0.209925\n",
       "HD       0.194686\n",
       "JNJ      0.087701\n",
       "JPM      0.195900\n",
       "MA       0.224288\n",
       "META     0.266573\n",
       "MSFT     0.275265\n",
       "NFLX     0.330077\n",
       "NVDA     0.675606\n",
       "PG       0.116203\n",
       "TSLA     0.411161\n",
       "UNH      0.242483\n",
       "V        0.197932\n",
       "WMT      0.150811\n",
       "XOM      0.099292\n",
       "dtype: float64"
      ]
     },
     "execution_count": 32,
     "metadata": {},
     "output_type": "execute_result"
    }
   ],
   "source": [
    "returns = data.pct_change().dropna()\n",
    "mean_returns = returns.mean() * 252\n",
    "mean_returns"
   ]
  },
  {
   "cell_type": "code",
   "execution_count": 33,
   "metadata": {},
   "outputs": [
    {
     "data": {
      "text/html": [
       "<div>\n",
       "<style scoped>\n",
       "    .dataframe tbody tr th:only-of-type {\n",
       "        vertical-align: middle;\n",
       "    }\n",
       "\n",
       "    .dataframe tbody tr th {\n",
       "        vertical-align: top;\n",
       "    }\n",
       "\n",
       "    .dataframe thead th {\n",
       "        text-align: right;\n",
       "    }\n",
       "</style>\n",
       "<table border=\"1\" class=\"dataframe\">\n",
       "  <thead>\n",
       "    <tr style=\"text-align: right;\">\n",
       "      <th>Ticker</th>\n",
       "      <th>AAPL</th>\n",
       "      <th>AMZN</th>\n",
       "      <th>BAC</th>\n",
       "      <th>DIS</th>\n",
       "      <th>GOOGL</th>\n",
       "      <th>HD</th>\n",
       "      <th>JNJ</th>\n",
       "      <th>JPM</th>\n",
       "      <th>MA</th>\n",
       "      <th>META</th>\n",
       "      <th>MSFT</th>\n",
       "      <th>NFLX</th>\n",
       "      <th>NVDA</th>\n",
       "      <th>PG</th>\n",
       "      <th>TSLA</th>\n",
       "      <th>UNH</th>\n",
       "      <th>V</th>\n",
       "      <th>WMT</th>\n",
       "      <th>XOM</th>\n",
       "    </tr>\n",
       "    <tr>\n",
       "      <th>Ticker</th>\n",
       "      <th></th>\n",
       "      <th></th>\n",
       "      <th></th>\n",
       "      <th></th>\n",
       "      <th></th>\n",
       "      <th></th>\n",
       "      <th></th>\n",
       "      <th></th>\n",
       "      <th></th>\n",
       "      <th></th>\n",
       "      <th></th>\n",
       "      <th></th>\n",
       "      <th></th>\n",
       "      <th></th>\n",
       "      <th></th>\n",
       "      <th></th>\n",
       "      <th></th>\n",
       "      <th></th>\n",
       "      <th></th>\n",
       "    </tr>\n",
       "  </thead>\n",
       "  <tbody>\n",
       "    <tr>\n",
       "      <th>AAPL</th>\n",
       "      <td>0.081461</td>\n",
       "      <td>0.051711</td>\n",
       "      <td>0.036684</td>\n",
       "      <td>0.033107</td>\n",
       "      <td>0.048754</td>\n",
       "      <td>0.035083</td>\n",
       "      <td>0.018309</td>\n",
       "      <td>0.032963</td>\n",
       "      <td>0.044839</td>\n",
       "      <td>0.056314</td>\n",
       "      <td>0.052645</td>\n",
       "      <td>0.052482</td>\n",
       "      <td>0.074391</td>\n",
       "      <td>0.019684</td>\n",
       "      <td>0.068534</td>\n",
       "      <td>0.029936</td>\n",
       "      <td>0.039909</td>\n",
       "      <td>0.019003</td>\n",
       "      <td>0.024392</td>\n",
       "    </tr>\n",
       "    <tr>\n",
       "      <th>AMZN</th>\n",
       "      <td>0.051711</td>\n",
       "      <td>0.107161</td>\n",
       "      <td>0.030626</td>\n",
       "      <td>0.033646</td>\n",
       "      <td>0.059624</td>\n",
       "      <td>0.033078</td>\n",
       "      <td>0.013662</td>\n",
       "      <td>0.025969</td>\n",
       "      <td>0.042223</td>\n",
       "      <td>0.072042</td>\n",
       "      <td>0.057491</td>\n",
       "      <td>0.073353</td>\n",
       "      <td>0.079867</td>\n",
       "      <td>0.013808</td>\n",
       "      <td>0.071568</td>\n",
       "      <td>0.022816</td>\n",
       "      <td>0.037136</td>\n",
       "      <td>0.017552</td>\n",
       "      <td>0.016890</td>\n",
       "    </tr>\n",
       "    <tr>\n",
       "      <th>BAC</th>\n",
       "      <td>0.036684</td>\n",
       "      <td>0.030626</td>\n",
       "      <td>0.096280</td>\n",
       "      <td>0.045823</td>\n",
       "      <td>0.035534</td>\n",
       "      <td>0.037354</td>\n",
       "      <td>0.020821</td>\n",
       "      <td>0.075101</td>\n",
       "      <td>0.046095</td>\n",
       "      <td>0.037158</td>\n",
       "      <td>0.036597</td>\n",
       "      <td>0.032117</td>\n",
       "      <td>0.049678</td>\n",
       "      <td>0.018774</td>\n",
       "      <td>0.046791</td>\n",
       "      <td>0.034631</td>\n",
       "      <td>0.042597</td>\n",
       "      <td>0.015869</td>\n",
       "      <td>0.048002</td>\n",
       "    </tr>\n",
       "    <tr>\n",
       "      <th>DIS</th>\n",
       "      <td>0.033107</td>\n",
       "      <td>0.033646</td>\n",
       "      <td>0.045823</td>\n",
       "      <td>0.076860</td>\n",
       "      <td>0.033335</td>\n",
       "      <td>0.031739</td>\n",
       "      <td>0.015023</td>\n",
       "      <td>0.040849</td>\n",
       "      <td>0.041466</td>\n",
       "      <td>0.037780</td>\n",
       "      <td>0.033914</td>\n",
       "      <td>0.037899</td>\n",
       "      <td>0.046784</td>\n",
       "      <td>0.015848</td>\n",
       "      <td>0.045411</td>\n",
       "      <td>0.023237</td>\n",
       "      <td>0.036451</td>\n",
       "      <td>0.014449</td>\n",
       "      <td>0.032967</td>\n",
       "    </tr>\n",
       "    <tr>\n",
       "      <th>GOOGL</th>\n",
       "      <td>0.048754</td>\n",
       "      <td>0.059624</td>\n",
       "      <td>0.035534</td>\n",
       "      <td>0.033335</td>\n",
       "      <td>0.079616</td>\n",
       "      <td>0.032365</td>\n",
       "      <td>0.016782</td>\n",
       "      <td>0.031516</td>\n",
       "      <td>0.043660</td>\n",
       "      <td>0.066610</td>\n",
       "      <td>0.054801</td>\n",
       "      <td>0.056197</td>\n",
       "      <td>0.072325</td>\n",
       "      <td>0.016948</td>\n",
       "      <td>0.057998</td>\n",
       "      <td>0.026950</td>\n",
       "      <td>0.039246</td>\n",
       "      <td>0.016035</td>\n",
       "      <td>0.023024</td>\n",
       "    </tr>\n",
       "    <tr>\n",
       "      <th>HD</th>\n",
       "      <td>0.035083</td>\n",
       "      <td>0.033078</td>\n",
       "      <td>0.037354</td>\n",
       "      <td>0.031739</td>\n",
       "      <td>0.032365</td>\n",
       "      <td>0.059217</td>\n",
       "      <td>0.017660</td>\n",
       "      <td>0.034013</td>\n",
       "      <td>0.035578</td>\n",
       "      <td>0.037494</td>\n",
       "      <td>0.036123</td>\n",
       "      <td>0.033438</td>\n",
       "      <td>0.050707</td>\n",
       "      <td>0.019405</td>\n",
       "      <td>0.042015</td>\n",
       "      <td>0.028886</td>\n",
       "      <td>0.032967</td>\n",
       "      <td>0.020223</td>\n",
       "      <td>0.023215</td>\n",
       "    </tr>\n",
       "    <tr>\n",
       "      <th>JNJ</th>\n",
       "      <td>0.018309</td>\n",
       "      <td>0.013662</td>\n",
       "      <td>0.020821</td>\n",
       "      <td>0.015023</td>\n",
       "      <td>0.016782</td>\n",
       "      <td>0.017660</td>\n",
       "      <td>0.032920</td>\n",
       "      <td>0.020073</td>\n",
       "      <td>0.020463</td>\n",
       "      <td>0.015384</td>\n",
       "      <td>0.019483</td>\n",
       "      <td>0.013057</td>\n",
       "      <td>0.016194</td>\n",
       "      <td>0.017997</td>\n",
       "      <td>0.012239</td>\n",
       "      <td>0.022241</td>\n",
       "      <td>0.019232</td>\n",
       "      <td>0.014122</td>\n",
       "      <td>0.016524</td>\n",
       "    </tr>\n",
       "    <tr>\n",
       "      <th>JPM</th>\n",
       "      <td>0.032963</td>\n",
       "      <td>0.025969</td>\n",
       "      <td>0.075101</td>\n",
       "      <td>0.040849</td>\n",
       "      <td>0.031516</td>\n",
       "      <td>0.034013</td>\n",
       "      <td>0.020073</td>\n",
       "      <td>0.073240</td>\n",
       "      <td>0.042446</td>\n",
       "      <td>0.032614</td>\n",
       "      <td>0.033093</td>\n",
       "      <td>0.027862</td>\n",
       "      <td>0.044020</td>\n",
       "      <td>0.017661</td>\n",
       "      <td>0.040054</td>\n",
       "      <td>0.031663</td>\n",
       "      <td>0.038725</td>\n",
       "      <td>0.014869</td>\n",
       "      <td>0.042326</td>\n",
       "    </tr>\n",
       "    <tr>\n",
       "      <th>MA</th>\n",
       "      <td>0.044839</td>\n",
       "      <td>0.042223</td>\n",
       "      <td>0.046095</td>\n",
       "      <td>0.041466</td>\n",
       "      <td>0.043660</td>\n",
       "      <td>0.035578</td>\n",
       "      <td>0.020463</td>\n",
       "      <td>0.042446</td>\n",
       "      <td>0.072719</td>\n",
       "      <td>0.048302</td>\n",
       "      <td>0.046861</td>\n",
       "      <td>0.042280</td>\n",
       "      <td>0.064162</td>\n",
       "      <td>0.020174</td>\n",
       "      <td>0.052428</td>\n",
       "      <td>0.032117</td>\n",
       "      <td>0.059308</td>\n",
       "      <td>0.016094</td>\n",
       "      <td>0.033638</td>\n",
       "    </tr>\n",
       "    <tr>\n",
       "      <th>META</th>\n",
       "      <td>0.056314</td>\n",
       "      <td>0.072042</td>\n",
       "      <td>0.037158</td>\n",
       "      <td>0.037780</td>\n",
       "      <td>0.066610</td>\n",
       "      <td>0.037494</td>\n",
       "      <td>0.015384</td>\n",
       "      <td>0.032614</td>\n",
       "      <td>0.048302</td>\n",
       "      <td>0.140895</td>\n",
       "      <td>0.059232</td>\n",
       "      <td>0.074585</td>\n",
       "      <td>0.086785</td>\n",
       "      <td>0.016235</td>\n",
       "      <td>0.068801</td>\n",
       "      <td>0.024059</td>\n",
       "      <td>0.042290</td>\n",
       "      <td>0.015582</td>\n",
       "      <td>0.019813</td>\n",
       "    </tr>\n",
       "    <tr>\n",
       "      <th>MSFT</th>\n",
       "      <td>0.052645</td>\n",
       "      <td>0.057491</td>\n",
       "      <td>0.036597</td>\n",
       "      <td>0.033914</td>\n",
       "      <td>0.054801</td>\n",
       "      <td>0.036123</td>\n",
       "      <td>0.019483</td>\n",
       "      <td>0.033093</td>\n",
       "      <td>0.046861</td>\n",
       "      <td>0.059232</td>\n",
       "      <td>0.073584</td>\n",
       "      <td>0.055156</td>\n",
       "      <td>0.078656</td>\n",
       "      <td>0.021367</td>\n",
       "      <td>0.061594</td>\n",
       "      <td>0.031009</td>\n",
       "      <td>0.042126</td>\n",
       "      <td>0.019533</td>\n",
       "      <td>0.022096</td>\n",
       "    </tr>\n",
       "    <tr>\n",
       "      <th>NFLX</th>\n",
       "      <td>0.052482</td>\n",
       "      <td>0.073353</td>\n",
       "      <td>0.032117</td>\n",
       "      <td>0.037899</td>\n",
       "      <td>0.056197</td>\n",
       "      <td>0.033438</td>\n",
       "      <td>0.013057</td>\n",
       "      <td>0.027862</td>\n",
       "      <td>0.042280</td>\n",
       "      <td>0.074585</td>\n",
       "      <td>0.055156</td>\n",
       "      <td>0.193745</td>\n",
       "      <td>0.088097</td>\n",
       "      <td>0.013984</td>\n",
       "      <td>0.083230</td>\n",
       "      <td>0.027044</td>\n",
       "      <td>0.037796</td>\n",
       "      <td>0.018542</td>\n",
       "      <td>0.017174</td>\n",
       "    </tr>\n",
       "    <tr>\n",
       "      <th>NVDA</th>\n",
       "      <td>0.074391</td>\n",
       "      <td>0.079867</td>\n",
       "      <td>0.049678</td>\n",
       "      <td>0.046784</td>\n",
       "      <td>0.072325</td>\n",
       "      <td>0.050707</td>\n",
       "      <td>0.016194</td>\n",
       "      <td>0.044020</td>\n",
       "      <td>0.064162</td>\n",
       "      <td>0.086785</td>\n",
       "      <td>0.078656</td>\n",
       "      <td>0.088097</td>\n",
       "      <td>0.231435</td>\n",
       "      <td>0.019780</td>\n",
       "      <td>0.110619</td>\n",
       "      <td>0.035117</td>\n",
       "      <td>0.056255</td>\n",
       "      <td>0.021843</td>\n",
       "      <td>0.027744</td>\n",
       "    </tr>\n",
       "    <tr>\n",
       "      <th>PG</th>\n",
       "      <td>0.019684</td>\n",
       "      <td>0.013808</td>\n",
       "      <td>0.018774</td>\n",
       "      <td>0.015848</td>\n",
       "      <td>0.016948</td>\n",
       "      <td>0.019405</td>\n",
       "      <td>0.017997</td>\n",
       "      <td>0.017661</td>\n",
       "      <td>0.020174</td>\n",
       "      <td>0.016235</td>\n",
       "      <td>0.021367</td>\n",
       "      <td>0.013984</td>\n",
       "      <td>0.019780</td>\n",
       "      <td>0.033803</td>\n",
       "      <td>0.012622</td>\n",
       "      <td>0.019304</td>\n",
       "      <td>0.018991</td>\n",
       "      <td>0.017515</td>\n",
       "      <td>0.013438</td>\n",
       "    </tr>\n",
       "    <tr>\n",
       "      <th>TSLA</th>\n",
       "      <td>0.068534</td>\n",
       "      <td>0.071568</td>\n",
       "      <td>0.046791</td>\n",
       "      <td>0.045411</td>\n",
       "      <td>0.057998</td>\n",
       "      <td>0.042015</td>\n",
       "      <td>0.012239</td>\n",
       "      <td>0.040054</td>\n",
       "      <td>0.052428</td>\n",
       "      <td>0.068801</td>\n",
       "      <td>0.061594</td>\n",
       "      <td>0.083230</td>\n",
       "      <td>0.110619</td>\n",
       "      <td>0.012622</td>\n",
       "      <td>0.314631</td>\n",
       "      <td>0.029255</td>\n",
       "      <td>0.047389</td>\n",
       "      <td>0.018481</td>\n",
       "      <td>0.027167</td>\n",
       "    </tr>\n",
       "    <tr>\n",
       "      <th>UNH</th>\n",
       "      <td>0.029936</td>\n",
       "      <td>0.022816</td>\n",
       "      <td>0.034631</td>\n",
       "      <td>0.023237</td>\n",
       "      <td>0.026950</td>\n",
       "      <td>0.028886</td>\n",
       "      <td>0.022241</td>\n",
       "      <td>0.031663</td>\n",
       "      <td>0.032117</td>\n",
       "      <td>0.024059</td>\n",
       "      <td>0.031009</td>\n",
       "      <td>0.027044</td>\n",
       "      <td>0.035117</td>\n",
       "      <td>0.019304</td>\n",
       "      <td>0.029255</td>\n",
       "      <td>0.066465</td>\n",
       "      <td>0.029968</td>\n",
       "      <td>0.016755</td>\n",
       "      <td>0.025210</td>\n",
       "    </tr>\n",
       "    <tr>\n",
       "      <th>V</th>\n",
       "      <td>0.039909</td>\n",
       "      <td>0.037136</td>\n",
       "      <td>0.042597</td>\n",
       "      <td>0.036451</td>\n",
       "      <td>0.039246</td>\n",
       "      <td>0.032967</td>\n",
       "      <td>0.019232</td>\n",
       "      <td>0.038725</td>\n",
       "      <td>0.059308</td>\n",
       "      <td>0.042290</td>\n",
       "      <td>0.042126</td>\n",
       "      <td>0.037796</td>\n",
       "      <td>0.056255</td>\n",
       "      <td>0.018991</td>\n",
       "      <td>0.047389</td>\n",
       "      <td>0.029968</td>\n",
       "      <td>0.060387</td>\n",
       "      <td>0.015042</td>\n",
       "      <td>0.029701</td>\n",
       "    </tr>\n",
       "    <tr>\n",
       "      <th>WMT</th>\n",
       "      <td>0.019003</td>\n",
       "      <td>0.017552</td>\n",
       "      <td>0.015869</td>\n",
       "      <td>0.014449</td>\n",
       "      <td>0.016035</td>\n",
       "      <td>0.020223</td>\n",
       "      <td>0.014122</td>\n",
       "      <td>0.014869</td>\n",
       "      <td>0.016094</td>\n",
       "      <td>0.015582</td>\n",
       "      <td>0.019533</td>\n",
       "      <td>0.018542</td>\n",
       "      <td>0.021843</td>\n",
       "      <td>0.017515</td>\n",
       "      <td>0.018481</td>\n",
       "      <td>0.016755</td>\n",
       "      <td>0.015042</td>\n",
       "      <td>0.044537</td>\n",
       "      <td>0.011972</td>\n",
       "    </tr>\n",
       "    <tr>\n",
       "      <th>XOM</th>\n",
       "      <td>0.024392</td>\n",
       "      <td>0.016890</td>\n",
       "      <td>0.048002</td>\n",
       "      <td>0.032967</td>\n",
       "      <td>0.023024</td>\n",
       "      <td>0.023215</td>\n",
       "      <td>0.016524</td>\n",
       "      <td>0.042326</td>\n",
       "      <td>0.033638</td>\n",
       "      <td>0.019813</td>\n",
       "      <td>0.022096</td>\n",
       "      <td>0.017174</td>\n",
       "      <td>0.027744</td>\n",
       "      <td>0.013438</td>\n",
       "      <td>0.027167</td>\n",
       "      <td>0.025210</td>\n",
       "      <td>0.029701</td>\n",
       "      <td>0.011972</td>\n",
       "      <td>0.076998</td>\n",
       "    </tr>\n",
       "  </tbody>\n",
       "</table>\n",
       "</div>"
      ],
      "text/plain": [
       "Ticker      AAPL      AMZN       BAC       DIS     GOOGL        HD       JNJ  \\\n",
       "Ticker                                                                         \n",
       "AAPL    0.081461  0.051711  0.036684  0.033107  0.048754  0.035083  0.018309   \n",
       "AMZN    0.051711  0.107161  0.030626  0.033646  0.059624  0.033078  0.013662   \n",
       "BAC     0.036684  0.030626  0.096280  0.045823  0.035534  0.037354  0.020821   \n",
       "DIS     0.033107  0.033646  0.045823  0.076860  0.033335  0.031739  0.015023   \n",
       "GOOGL   0.048754  0.059624  0.035534  0.033335  0.079616  0.032365  0.016782   \n",
       "HD      0.035083  0.033078  0.037354  0.031739  0.032365  0.059217  0.017660   \n",
       "JNJ     0.018309  0.013662  0.020821  0.015023  0.016782  0.017660  0.032920   \n",
       "JPM     0.032963  0.025969  0.075101  0.040849  0.031516  0.034013  0.020073   \n",
       "MA      0.044839  0.042223  0.046095  0.041466  0.043660  0.035578  0.020463   \n",
       "META    0.056314  0.072042  0.037158  0.037780  0.066610  0.037494  0.015384   \n",
       "MSFT    0.052645  0.057491  0.036597  0.033914  0.054801  0.036123  0.019483   \n",
       "NFLX    0.052482  0.073353  0.032117  0.037899  0.056197  0.033438  0.013057   \n",
       "NVDA    0.074391  0.079867  0.049678  0.046784  0.072325  0.050707  0.016194   \n",
       "PG      0.019684  0.013808  0.018774  0.015848  0.016948  0.019405  0.017997   \n",
       "TSLA    0.068534  0.071568  0.046791  0.045411  0.057998  0.042015  0.012239   \n",
       "UNH     0.029936  0.022816  0.034631  0.023237  0.026950  0.028886  0.022241   \n",
       "V       0.039909  0.037136  0.042597  0.036451  0.039246  0.032967  0.019232   \n",
       "WMT     0.019003  0.017552  0.015869  0.014449  0.016035  0.020223  0.014122   \n",
       "XOM     0.024392  0.016890  0.048002  0.032967  0.023024  0.023215  0.016524   \n",
       "\n",
       "Ticker       JPM        MA      META      MSFT      NFLX      NVDA        PG  \\\n",
       "Ticker                                                                         \n",
       "AAPL    0.032963  0.044839  0.056314  0.052645  0.052482  0.074391  0.019684   \n",
       "AMZN    0.025969  0.042223  0.072042  0.057491  0.073353  0.079867  0.013808   \n",
       "BAC     0.075101  0.046095  0.037158  0.036597  0.032117  0.049678  0.018774   \n",
       "DIS     0.040849  0.041466  0.037780  0.033914  0.037899  0.046784  0.015848   \n",
       "GOOGL   0.031516  0.043660  0.066610  0.054801  0.056197  0.072325  0.016948   \n",
       "HD      0.034013  0.035578  0.037494  0.036123  0.033438  0.050707  0.019405   \n",
       "JNJ     0.020073  0.020463  0.015384  0.019483  0.013057  0.016194  0.017997   \n",
       "JPM     0.073240  0.042446  0.032614  0.033093  0.027862  0.044020  0.017661   \n",
       "MA      0.042446  0.072719  0.048302  0.046861  0.042280  0.064162  0.020174   \n",
       "META    0.032614  0.048302  0.140895  0.059232  0.074585  0.086785  0.016235   \n",
       "MSFT    0.033093  0.046861  0.059232  0.073584  0.055156  0.078656  0.021367   \n",
       "NFLX    0.027862  0.042280  0.074585  0.055156  0.193745  0.088097  0.013984   \n",
       "NVDA    0.044020  0.064162  0.086785  0.078656  0.088097  0.231435  0.019780   \n",
       "PG      0.017661  0.020174  0.016235  0.021367  0.013984  0.019780  0.033803   \n",
       "TSLA    0.040054  0.052428  0.068801  0.061594  0.083230  0.110619  0.012622   \n",
       "UNH     0.031663  0.032117  0.024059  0.031009  0.027044  0.035117  0.019304   \n",
       "V       0.038725  0.059308  0.042290  0.042126  0.037796  0.056255  0.018991   \n",
       "WMT     0.014869  0.016094  0.015582  0.019533  0.018542  0.021843  0.017515   \n",
       "XOM     0.042326  0.033638  0.019813  0.022096  0.017174  0.027744  0.013438   \n",
       "\n",
       "Ticker      TSLA       UNH         V       WMT       XOM  \n",
       "Ticker                                                    \n",
       "AAPL    0.068534  0.029936  0.039909  0.019003  0.024392  \n",
       "AMZN    0.071568  0.022816  0.037136  0.017552  0.016890  \n",
       "BAC     0.046791  0.034631  0.042597  0.015869  0.048002  \n",
       "DIS     0.045411  0.023237  0.036451  0.014449  0.032967  \n",
       "GOOGL   0.057998  0.026950  0.039246  0.016035  0.023024  \n",
       "HD      0.042015  0.028886  0.032967  0.020223  0.023215  \n",
       "JNJ     0.012239  0.022241  0.019232  0.014122  0.016524  \n",
       "JPM     0.040054  0.031663  0.038725  0.014869  0.042326  \n",
       "MA      0.052428  0.032117  0.059308  0.016094  0.033638  \n",
       "META    0.068801  0.024059  0.042290  0.015582  0.019813  \n",
       "MSFT    0.061594  0.031009  0.042126  0.019533  0.022096  \n",
       "NFLX    0.083230  0.027044  0.037796  0.018542  0.017174  \n",
       "NVDA    0.110619  0.035117  0.056255  0.021843  0.027744  \n",
       "PG      0.012622  0.019304  0.018991  0.017515  0.013438  \n",
       "TSLA    0.314631  0.029255  0.047389  0.018481  0.027167  \n",
       "UNH     0.029255  0.066465  0.029968  0.016755  0.025210  \n",
       "V       0.047389  0.029968  0.060387  0.015042  0.029701  \n",
       "WMT     0.018481  0.016755  0.015042  0.044537  0.011972  \n",
       "XOM     0.027167  0.025210  0.029701  0.011972  0.076998  "
      ]
     },
     "execution_count": 33,
     "metadata": {},
     "output_type": "execute_result"
    }
   ],
   "source": [
    "cov_matrix = returns.cov() * 252\n",
    "cov_matrix"
   ]
  },
  {
   "cell_type": "markdown",
   "metadata": {},
   "source": [
    "### Defining functions  for performance and minimize volatility"
   ]
  },
  {
   "cell_type": "code",
   "execution_count": 34,
